3
2 1
3
2 2
3
2 3
1 1
1 0 0
16 5
2 0
2 0
1 2
1 2
8
1 0 4
1 1
1 3
8
8
9
2 4
1 4
1 0 0
20 3
16 1
2 0
2 0
1 0 2
4
1 0 0
1 2
9
1 4
12
6
1 0 2
1 1
8
7
4
1 0 0
1 2
9
1 4
12
9
1 0 2
1 1
8
7
4
22 9
23 1:
1 0 1
4
1 0 0
1 2
9
1 4
12
9
1 0 2
1 1
8
7
4
22 9
23 3:
2 0
2 0
1 0 0
4
22 9
23 5:
1 2
1 0 0
16 6
2 0
2 0
1 0 0
1 3
9
1 2
7
1 0 1
4
4
22 9
23 6:
2 0
2 0
1 3
1 0 0
16 7
2 0
2 0
1 0 0
4
22 9
23 7:
2 0
2 0
1 0 -1
4
22 9
23 9:
5
